min
temps=5400:4900
latlon=0.000000:0.000000
speed=1000
method=Auto
